%3.1

R = [0.9 1.5 1.3 1.3];
d = [1 1.25 3.8 4.0];

